country,website
US,aftermath.site
US,404media.co
US,www.cs.utah.edu/apply-for-seeds-2024/
IN,indianstartupnews.com
IN,www.cs.utah.edu/apply-for-seeds-2024/
